36 20 48
16
17
18
19
20
21
22
23
24
25
26
27
28
29
30
31
32
33
34
35
0 16 100GB/s 0.000ms 0
1 16 100GB/s 0.000ms 0
2 17 100GB/s 0.000ms 0
3 17 100GB/s 0.000ms 0
4 20 100GB/s 0.000ms 0
5 20 100GB/s 0.000ms 0
6 21 100GB/s 0.000ms 0
7 21 100GB/s 0.000ms 0
8 24 100GB/s 0.000ms 0
9 24 100GB/s 0.000ms 0
10 25 100GB/s 0.000ms 0
11 25 100GB/s 0.000ms 0
12 28 100GB/s 0.000ms 0
13 28 100GB/s 0.000ms 0
14 29 100GB/s 0.000ms 0
15 29 100GB/s 0.000ms 0
16 18 100GB/s 0.000ms 0
16 19 100GB/s 0.000ms 0
17 18 100GB/s 0.000ms 0
17 19 100GB/s 0.000ms 0
18 32 100GB/s 0.000ms 0
18 33 100GB/s 0.000ms 0
19 34 100GB/s 0.000ms 0
19 35 100GB/s 0.000ms 0
20 22 100GB/s 0.000ms 0
20 23 100GB/s 0.000ms 0
21 22 100GB/s 0.000ms 0
21 23 100GB/s 0.000ms 0
22 32 100GB/s 0.000ms 0
22 33 100GB/s 0.000ms 0
23 34 100GB/s 0.000ms 0
23 35 100GB/s 0.000ms 0
24 26 100GB/s 0.000ms 0
24 27 100GB/s 0.000ms 0
25 26 100GB/s 0.000ms 0
25 27 100GB/s 0.000ms 0
26 32 100GB/s 0.000ms 0
26 33 100GB/s 0.000ms 0
27 34 100GB/s 0.000ms 0
27 35 100GB/s 0.000ms 0
28 30 100GB/s 0.000ms 0
28 31 100GB/s 0.000ms 0
29 30 100GB/s 0.000ms 0
29 31 100GB/s 0.000ms 0
30 32 100GB/s 0.000ms 0
30 33 100GB/s 0.000ms 0
31 34 100GB/s 0.000ms 0
31 35 100GB/s 0.000ms 0

ROUTES
0:1:[0, 16, 1]
0:2:[0, 16, 18, 17, 2]
0:3:[0, 16, 18, 17, 3]
0:4:[0, 16, 18, 32, 22, 20, 4]
0:5:[0, 16, 19, 35, 23, 20, 5]
0:6:[0, 16, 19, 34, 23, 21, 6]
0:7:[0, 16, 19, 35, 23, 21, 7]
0:8:[0, 16, 18, 33, 26, 24, 8]
0:9:[0, 16, 18, 32, 26, 24, 9]
0:10:[0, 16, 18, 32, 26, 25, 10]
0:11:[0, 16, 18, 33, 26, 25, 11]
0:12:[0, 16, 19, 35, 31, 28, 12]
0:13:[0, 16, 18, 33, 30, 28, 13]
0:14:[0, 16, 19, 35, 31, 29, 14]
0:15:[0, 16, 19, 34, 31, 29, 15]
1:0:[1, 16, 0]
1:2:[1, 16, 19, 17, 2]
1:3:[1, 16, 19, 17, 3]
1:4:[1, 16, 19, 34, 23, 20, 4]
1:5:[1, 16, 19, 34, 23, 20, 5]
1:6:[1, 16, 18, 33, 22, 21, 6]
1:7:[1, 16, 19, 35, 23, 21, 7]
1:8:[1, 16, 18, 32, 26, 24, 8]
1:9:[1, 16, 19, 34, 27, 24, 9]
1:10:[1, 16, 18, 33, 26, 25, 10]
1:11:[1, 16, 18, 33, 26, 25, 11]
1:12:[1, 16, 18, 33, 30, 28, 12]
1:13:[1, 16, 18, 33, 30, 28, 13]
1:14:[1, 16, 18, 32, 30, 29, 14]
1:15:[1, 16, 19, 35, 31, 29, 15]
2:0:[2, 17, 18, 16, 0]
2:1:[2, 17, 19, 16, 1]
2:3:[2, 17, 3]
2:4:[2, 17, 19, 35, 23, 20, 4]
2:5:[2, 17, 19, 35, 23, 20, 5]
2:6:[2, 17, 19, 35, 23, 21, 6]
2:7:[2, 17, 18, 32, 22, 21, 7]
2:8:[2, 17, 18, 32, 26, 24, 8]
2:9:[2, 17, 18, 33, 26, 24, 9]
2:10:[2, 17, 18, 33, 26, 25, 10]
2:11:[2, 17, 19, 34, 27, 25, 11]
2:12:[2, 17, 19, 35, 31, 28, 12]
2:13:[2, 17, 19, 35, 31, 28, 13]
2:14:[2, 17, 19, 34, 31, 29, 14]
2:15:[2, 17, 19, 35, 31, 29, 15]
3:0:[3, 17, 19, 16, 0]
3:1:[3, 17, 19, 16, 1]
3:2:[3, 17, 2]
3:4:[3, 17, 18, 32, 22, 20, 4]
3:5:[3, 17, 18, 33, 22, 20, 5]
3:6:[3, 17, 19, 35, 23, 21, 6]
3:7:[3, 17, 19, 34, 23, 21, 7]
3:8:[3, 17, 19, 34, 27, 24, 8]
3:9:[3, 17, 18, 32, 26, 24, 9]
3:10:[3, 17, 19, 35, 27, 25, 10]
3:11:[3, 17, 19, 34, 27, 25, 11]
3:12:[3, 17, 18, 32, 30, 28, 12]
3:13:[3, 17, 18, 33, 30, 28, 13]
3:14:[3, 17, 19, 35, 31, 29, 14]
3:15:[3, 17, 19, 35, 31, 29, 15]
4:0:[4, 20, 22, 32, 18, 16, 0]
4:1:[4, 20, 22, 32, 18, 16, 1]
4:2:[4, 20, 23, 34, 19, 17, 2]
4:3:[4, 20, 23, 35, 19, 17, 3]
4:5:[4, 20, 5]
4:6:[4, 20, 23, 21, 6]
4:7:[4, 20, 22, 21, 7]
4:8:[4, 20, 22, 33, 26, 24, 8]
4:9:[4, 20, 23, 34, 27, 24, 9]
4:10:[4, 20, 23, 34, 27, 25, 10]
4:11:[4, 20, 22, 33, 26, 25, 11]
4:12:[4, 20, 22, 32, 30, 28, 12]
4:13:[4, 20, 23, 35, 31, 28, 13]
4:14:[4, 20, 22, 33, 30, 29, 14]
4:15:[4, 20, 22, 32, 30, 29, 15]
5:0:[5, 20, 23, 34, 19, 16, 0]
5:1:[5, 20, 22, 33, 18, 16, 1]
5:2:[5, 20, 22, 33, 18, 17, 2]
5:3:[5, 20, 22, 32, 18, 17, 3]
5:4:[5, 20, 4]
5:6:[5, 20, 22, 21, 6]
5:7:[5, 20, 22, 21, 7]
5:8:[5, 20, 23, 35, 27, 24, 8]
5:9:[5, 20, 22, 32, 26, 24, 9]
5:10:[5, 20, 22, 33, 26, 25, 10]
5:11:[5, 20, 23, 35, 27, 25, 11]
5:12:[5, 20, 23, 34, 31, 28, 12]
5:13:[5, 20, 23, 35, 31, 28, 13]
5:14:[5, 20, 23, 35, 31, 29, 14]
5:15:[5, 20, 23, 35, 31, 29, 15]
6:0:[6, 21, 22, 32, 18, 16, 0]
6:1:[6, 21, 23, 34, 19, 16, 1]
6:2:[6, 21, 23, 35, 19, 17, 2]
6:3:[6, 21, 22, 32, 18, 17, 3]
6:4:[6, 21, 23, 20, 4]
6:5:[6, 21, 23, 20, 5]
6:7:[6, 21, 7]
6:8:[6, 21, 23, 34, 27, 24, 8]
6:9:[6, 21, 23, 34, 27, 24, 9]
6:10:[6, 21, 22, 32, 26, 25, 10]
6:11:[6, 21, 23, 35, 27, 25, 11]
6:12:[6, 21, 23, 35, 31, 28, 12]
6:13:[6, 21, 22, 33, 30, 28, 13]
6:14:[6, 21, 23, 34, 31, 29, 14]
6:15:[6, 21, 22, 33, 30, 29, 15]
7:0:[7, 21, 22, 33, 18, 16, 0]
7:1:[7, 21, 22, 32, 18, 16, 1]
7:2:[7, 21, 22, 32, 18, 17, 2]
7:3:[7, 21, 23, 35, 19, 17, 3]
7:4:[7, 21, 23, 20, 4]
7:5:[7, 21, 23, 20, 5]
7:6:[7, 21, 6]
7:8:[7, 21, 23, 34, 27, 24, 8]
7:9:[7, 21, 23, 35, 27, 24, 9]
7:10:[7, 21, 22, 32, 26, 25, 10]
7:11:[7, 21, 22, 33, 26, 25, 11]
7:12:[7, 21, 23, 35, 31, 28, 12]
7:13:[7, 21, 22, 32, 30, 28, 13]
7:14:[7, 21, 23, 34, 31, 29, 14]
7:15:[7, 21, 22, 33, 30, 29, 15]
8:0:[8, 24, 27, 35, 19, 16, 0]
8:1:[8, 24, 27, 34, 19, 16, 1]
8:2:[8, 24, 27, 34, 19, 17, 2]
8:3:[8, 24, 27, 35, 19, 17, 3]
8:4:[8, 24, 27, 35, 23, 20, 4]
8:5:[8, 24, 26, 32, 22, 20, 5]
8:6:[8, 24, 27, 35, 23, 21, 6]
8:7:[8, 24, 26, 32, 22, 21, 7]
8:9:[8, 24, 9]
8:10:[8, 24, 27, 25, 10]
8:11:[8, 24, 26, 25, 11]
8:12:[8, 24, 27, 35, 31, 28, 12]
8:13:[8, 24, 27, 35, 31, 28, 13]
8:14:[8, 24, 27, 35, 31, 29, 14]
8:15:[8, 24, 27, 35, 31, 29, 15]
9:0:[9, 24, 27, 34, 19, 16, 0]
9:1:[9, 24, 26, 32, 18, 16, 1]
9:2:[9, 24, 26, 33, 18, 17, 2]
9:3:[9, 24, 26, 32, 18, 17, 3]
9:4:[9, 24, 26, 32, 22, 20, 4]
9:5:[9, 24, 26, 33, 22, 20, 5]
9:6:[9, 24, 26, 33, 22, 21, 6]
9:7:[9, 24, 27, 34, 23, 21, 7]
9:8:[9, 24, 8]
9:10:[9, 24, 27, 25, 10]
9:11:[9, 24, 26, 25, 11]
9:12:[9, 24, 26, 32, 30, 28, 12]
9:13:[9, 24, 27, 35, 31, 28, 13]
9:14:[9, 24, 27, 34, 31, 29, 14]
9:15:[9, 24, 26, 32, 30, 29, 15]
10:0:[10, 25, 26, 33, 18, 16, 0]
10:1:[10, 25, 26, 32, 18, 16, 1]
10:2:[10, 25, 27, 34, 19, 17, 2]
10:3:[10, 25, 26, 32, 18, 17, 3]
10:4:[10, 25, 27, 34, 23, 20, 4]
10:5:[10, 25, 27, 35, 23, 20, 5]
10:6:[10, 25, 26, 33, 22, 21, 6]
10:7:[10, 25, 26, 32, 22, 21, 7]
10:8:[10, 25, 26, 24, 8]
10:9:[10, 25, 26, 24, 9]
10:11:[10, 25, 11]
10:12:[10, 25, 27, 35, 31, 28, 12]
10:13:[10, 25, 26, 32, 30, 28, 13]
10:14:[10, 25, 27, 35, 31, 29, 14]
10:15:[10, 25, 27, 34, 31, 29, 15]
11:0:[11, 25, 27, 34, 19, 16, 0]
11:1:[11, 25, 27, 34, 19, 16, 1]
11:2:[11, 25, 27, 34, 19, 17, 2]
11:3:[11, 25, 26, 32, 18, 17, 3]
11:4:[11, 25, 26, 33, 22, 20, 4]
11:5:[11, 25, 27, 34, 23, 20, 5]
11:6:[11, 25, 27, 35, 23, 21, 6]
11:7:[11, 25, 26, 32, 22, 21, 7]
11:8:[11, 25, 27, 24, 8]
11:9:[11, 25, 26, 24, 9]
11:10:[11, 25, 10]
11:12:[11, 25, 27, 35, 31, 28, 12]
11:13:[11, 25, 27, 35, 31, 28, 13]
11:14:[11, 25, 27, 34, 31, 29, 14]
11:15:[11, 25, 27, 34, 31, 29, 15]
12:0:[12, 28, 31, 34, 19, 16, 0]
12:1:[12, 28, 30, 33, 18, 16, 1]
12:2:[12, 28, 31, 35, 19, 17, 2]
12:3:[12, 28, 30, 32, 18, 17, 3]
12:4:[12, 28, 31, 34, 23, 20, 4]
12:5:[12, 28, 30, 32, 22, 20, 5]
12:6:[12, 28, 31, 35, 23, 21, 6]
12:7:[12, 28, 31, 35, 23, 21, 7]
12:8:[12, 28, 31, 35, 27, 24, 8]
12:9:[12, 28, 30, 32, 26, 24, 9]
12:10:[12, 28, 30, 33, 26, 25, 10]
12:11:[12, 28, 30, 32, 26, 25, 11]
12:13:[12, 28, 13]
12:14:[12, 28, 30, 29, 14]
12:15:[12, 28, 30, 29, 15]
13:0:[13, 28, 30, 33, 18, 16, 0]
13:1:[13, 28, 31, 35, 19, 16, 1]
13:2:[13, 28, 30, 32, 18, 17, 2]
13:3:[13, 28, 30, 32, 18, 17, 3]
13:4:[13, 28, 30, 33, 22, 20, 4]
13:5:[13, 28, 31, 35, 23, 20, 5]
13:6:[13, 28, 31, 35, 23, 21, 6]
13:7:[13, 28, 31, 34, 23, 21, 7]
13:8:[13, 28, 31, 35, 27, 24, 8]
13:9:[13, 28, 31, 34, 27, 24, 9]
13:10:[13, 28, 31, 34, 27, 25, 10]
13:11:[13, 28, 30, 33, 26, 25, 11]
13:12:[13, 28, 12]
13:14:[13, 28, 31, 29, 14]
13:15:[13, 28, 30, 29, 15]
14:0:[14, 29, 31, 35, 19, 16, 0]
14:1:[14, 29, 31, 34, 19, 16, 1]
14:2:[14, 29, 30, 32, 18, 17, 2]
14:3:[14, 29, 30, 33, 18, 17, 3]
14:4:[14, 29, 31, 35, 23, 20, 4]
14:5:[14, 29, 31, 34, 23, 20, 5]
14:6:[14, 29, 31, 35, 23, 21, 6]
14:7:[14, 29, 30, 33, 22, 21, 7]
14:8:[14, 29, 31, 34, 27, 24, 8]
14:9:[14, 29, 31, 34, 27, 24, 9]
14:10:[14, 29, 30, 33, 26, 25, 10]
14:11:[14, 29, 30, 33, 26, 25, 11]
14:12:[14, 29, 31, 28, 12]
14:13:[14, 29, 30, 28, 13]
14:15:[14, 29, 15]
15:0:[15, 29, 31, 34, 19, 16, 0]
15:1:[15, 29, 30, 33, 18, 16, 1]
15:2:[15, 29, 31, 34, 19, 17, 2]
15:3:[15, 29, 31, 35, 19, 17, 3]
15:4:[15, 29, 30, 32, 22, 20, 4]
15:5:[15, 29, 30, 33, 22, 20, 5]
15:6:[15, 29, 31, 34, 23, 21, 6]
15:7:[15, 29, 30, 33, 22, 21, 7]
15:8:[15, 29, 31, 35, 27, 24, 8]
15:9:[15, 29, 31, 35, 27, 24, 9]
15:10:[15, 29, 30, 33, 26, 25, 10]
15:11:[15, 29, 30, 32, 26, 25, 11]
15:12:[15, 29, 31, 28, 12]
15:13:[15, 29, 31, 28, 13]
15:14:[15, 29, 14]
